374,408.163265306122,4,1,1,20,1,0
23843,-333.333333333333,4,1,1,45,0,0
23894,-250,4,1,1,45,0,0
23945,-200,4,1,1,45,0,0
23996,-166.666666666667,4,1,1,45,0,0
24050,-142.857142857143,4,1,1,45,0,0
24098,-125,4,1,1,45,0,0
24149,-111.111111111111,4,1,1,45,0,0
24200,-100,4,1,1,45,0,0
24251,-90.9090909090909,4,1,1,45,0,0
24302,-83.3333333333333,4,1,1,45,0,0
24353,-76.9230769230769,4,1,1,45,0,0
24404,-66.6666666666667,4,1,1,45,0,0
24455,-200,4,1,1,45,0,0
24557,-125,4,1,1,45,0,0
24659,-83.3333333333333,4,1,1,45,0,0
24761,-66.6666666666667,4,1,1,45,0,0
24863,-125,4,1,1,45,0,0
25373,-66.6666666666667,4,1,1,45,0,0
25476,-125,4,1,1,45,0,0
26190,-66.6666666666667,4,1,1,45,0,0
26292,-125,4,1,1,45,0,0
26394,-66.6666666666667,4,1,1,45,0,0
26496,-125,4,1,1,45,0,0
26700,-66.6666666666667,4,1,1,45,0,0
26802,-125,4,1,1,45,0,0
27006,-66.6666666666667,4,1,1,45,0,0
27108,-125,4,1,1,45,0,0
27312,-66.6666666666667,4,1,1,45,0,0
27414,-125,4,1,1,45,0,0
27618,-66.6666666666667,4,1,1,45,0,0
27720,-125,4,1,1,45,0,0
28027,-66.6666666666667,4,1,1,45,0,0
28129,-100,4,1,1,45,0,0
31190,-125,4,1,1,45,0,0
31343,-62.5,4,1,1,45,0,0
31394,-100,4,1,1,45,0,0
33843,-90.9090909090909,4,1,1,45,0,0
33911,-111.111111111111,4,1,1,45,0,0
33979,-83.3333333333333,4,1,1,45,0,0
34047,-125,4,1,1,45,0,0
34115,-76.9230769230769,4,1,1,45,0,0
34183,-142.857142857143,4,1,1,45,0,0
34251,-71.4285714285714,4,1,1,45,0,0
34319,-166.666666666667,4,1,1,45,0,0
34387,-66.6666666666667,4,1,1,45,0,0
34455,-200,4,1,1,45,0,0
34523,-66.6666666666667,4,1,1,45,0,0
34591,-200,4,1,1,45,0,0
34659,-100,4,1,1,45,0,0
37516,-52.6315789473684,4,1,1,45,0,0
37567,-1000,4,1,1,45,0,0
37618,-52.6315789473684,4,1,1,45,0,0
37669,-1000,4,1,1,45,0,0
37720,-52.6315789473684,4,1,1,45,0,0
37746,-1000,4,1,1,45,0,0
37771,-52.6315789473684,4,1,1,45,0,0
37797,-1000,4,1,1,45,0,0
37822,-52.6315789473684,4,1,1,45,0,0
37848,-1000,4,1,1,45,0,0
37873,-52.6315789473684,4,1,1,45,0,0
37899,-1000,4,1,1,45,0,0
37925,-100,4,1,1,45,0,0
40373,-62.5,4,1,1,45,0,0
40442,-250,4,1,1,45,0,0
40510,-62.5,4,1,1,45,0,0
40578,-250,4,1,1,45,0,0
40646,-62.5,4,1,1,45,0,0
40714,-250,4,1,1,45,0,0
40782,-62.5,4,1,1,45,0,0
40850,-250,4,1,1,45,0,0
40918,-62.5,4,1,1,45,0,0
40986,-250,4,1,1,45,0,0
41054,-62.5,4,1,1,45,0,0
41122,-250,4,1,1,45,0,0
41190,-100,4,1,1,45,0,0
46904,-125,4,1,1,45,0,0
47108,-66.6666666666667,4,1,1,45,0,0
47210,-125,4,1,1,45,0,0
47414,-66.6666666666667,4,1,1,45,0,0
47516,-125,4,1,1,45,0,0
47720,-100,4,1,1,45,0,0
50986,-105.263157894737,4,1,1,45,0,0
52210,-55.5555555555556,4,1,1,45,0,0
52261,-1000,4,1,1,45,0,0
52312,-55.5555555555556,4,1,1,45,0,0
52363,-1000,4,1,1,45,0,0
52414,-55.5555555555556,4,1,1,45,0,0
52465,-1000,4,1,1,45,0,0
52516,-55.5555555555556,4,1,1,45,0,0
52567,-1000,4,1,1,45,0,0
52618,-100,4,1,1,45,0,0
54251,-100,4,1,1,45,0,1
54302,-100,4,1,1,45,0,0
54659,-50,4,1,1,45,0,0
54710,-150,4,1,1,45,0,0
54863,-100,4,1,1,45,0,0
55680,-50,4,1,1,45,0,0
55731,-149.253731343284,4,1,1,45,0,0
55884,-100,4,1,1,45,0,0
57312,-52.6315789473684,4,1,1,45,0,0
57363,-1000,4,1,1,45,0,0
57414,-52.6315789473684,4,1,1,45,0,0
57465,-1000,4,1,1,45,0,0
57516,-100,4,1,1,45,0,0
57925,-50,4,1,1,45,0,0
57976,-149.253731343284,4,1,1,45,0,0
58129,-100,4,1,1,45,0,0
58945,-50,4,1,1,45,0,0
58996,-149.253731343284,4,1,1,45,0,0
59149,-100,4,1,1,45,0,0
60373,-66.6666666666667,4,1,1,45,0,0
60399,-200,4,1,1,45,0,0
60425,-66.6666666666667,4,1,1,45,0,0
60450,-200,4,1,1,45,0,0
60476,-50,4,1,1,45,0,0
60501,-149.253731343284,4,1,1,45,0,0
60731,-50,4,1,1,45,0,0
60782,-100,4,1,1,45,0,0
61190,-50,4,1,1,45,0,0
61241,-149.253731343284,4,1,1,45,0,0
61394,-100,4,1,1,45,0,0
62210,-50,4,1,1,45,0,0
62261,-149.253731343284,4,1,1,45,0,0
62414,-100,4,1,1,45,0,0
63843,-52.6315789473684,4,1,1,45,0,0
63894,-1000,4,1,1,45,0,0
63945,-52.6315789473684,4,1,1,45,0,0
63996,-1000,4,1,1,45,0,0
64047,-52.6315789473684,4,1,1,45,0,0
64072,-1000,4,1,1,45,0,0
64098,-52.6315789473684,4,1,1,45,0,0
64123,-1000,4,1,1,45,0,0
64149,-52.6315789473684,4,1,1,45,0,0
64175,-1000,4,1,1,45,0,0
64200,-52.6315789473684,4,1,1,45,0,0
64226,-1000,4,1,1,45,0,0
64251,-52.6315789473684,4,1,1,45,0,0
64277,-1000,4,1,1,45,0,0
64302,-52.6315789473684,4,1,1,45,0,0
64328,-1000,4,1,1,45,0,0
64353,-52.6315789473684,4,1,1,45,0,0
64379,-1000,4,1,1,45,0,0
64404,-52.6315789473684,4,1,1,45,0,0
64430,-1000,4,1,1,45,0,0
64455,-100,4,1,1,45,0,0
65476,-149.253731343284,4,1,1,45,0,0
65629,-50,4,1,1,45,0,0
65680,-100,4,1,1,45,0,0
65731,-200,4,1,1,45,0,0
65986,-181.818181818182,4,1,1,45,0,0
66088,-166.666666666667,4,1,1,45,0,0
66190,-153.846153846154,4,1,1,45,0,0
66292,-142.857142857143,4,1,1,45,0,0
66394,-133.333333333333,4,1,1,45,0,0
66496,-125,4,1,1,45,0,0
66598,-117.647058823529,4,1,1,45,0,0
66700,-111.111111111111,4,1,1,45,0,0
66802,-105.263157894737,4,1,1,45,0,0
66904,-66.6666666666667,4,1,1,45,0,0
66955,-200,4,1,1,45,0,0
67006,-66.6666666666667,4,1,1,45,0,0
67057,-200,4,1,1,45,0,0
67108,-66.6666666666667,4,1,1,45,0,0
67159,-200,4,1,1,45,0,0
67210,-66.6666666666667,4,1,1,45,0,0
67261,-200,4,1,1,45,0,0
67312,-100,4,1,1,45,0,1
67363,-100,4,1,1,45,0,0
68741,-50,4,1,1,45,0,0
68792,-149.253731343284,4,1,1,45,0,0
68945,-100,4,1,1,45,0,0
69149,-50,4,1,1,45,0,0
69200,-149.253731343284,4,1,1,45,0,0
69353,-100,4,1,1,45,0,0
70373,-52.6315789473684,4,1,1,45,0,0
70425,-1000,4,1,1,45,0,0
70476,-52.6315789473684,4,1,1,45,0,0
70527,-1000,4,1,1,45,0,0
70578,-100,4,1,1,45,0,0
72006,-50,4,1,1,45,0,0
72057,-149.253731343284,4,1,1,45,0,0
72210,-100,4,1,1,45,0,0
72312,-52.6315789473684,4,1,1,45,0,0
72363,-1000,4,1,1,45,0,0
72414,-52.6315789473684,4,1,1,45,0,0
72465,-142.857142857143,4,1,1,45,0,0
72618,-52.6315789473684,4,1,1,45,0,0
72669,-142.857142857143,4,1,1,45,0,0
72822,-52.6315789473684,4,1,1,45,0,0
72873,-1000,4,1,1,45,0,0
72925,-52.6315789473684,4,1,1,45,0,0
72976,-1000,4,1,1,45,0,0
73027,-100,4,1,1,45,0,0
73435,-149.253731343284,4,1,1,45,0,0
73588,-50,4,1,1,45,0,0
73639,-149.253731343284,4,1,1,45,0,0
73792,-50,4,1,1,45,0,0
73843,-100,4,1,1,45,0,0
74047,-50,4,1,1,45,0,0
74098,-149.253731343284,4,1,1,45,0,0
74251,-100,4,1,1,45,0,0
75271,-50,4,1,1,45,0,0
75322,-149.253731343284,4,1,1,45,0,0
75476,-100,4,1,1,45,0,0
76904,-52.6315789473684,4,1,1,45,0,0
76955,-1000,4,1,1,45,0,0
77006,-52.6315789473684,4,1,1,45,0,0
77057,-1000,4,1,1,45,0,0
77108,-100,4,1,1,45,0,0
78129,-52.6315789473684,4,1,1,45,0,0
78180,-1000,4,1,1,45,0,0
78231,-52.6315789473684,4,1,1,45,0,0
78282,-1000,4,1,1,45,0,0
78333,-50,4,1,1,45,0,0
78435,-142.857142857143,4,1,1,45,0,0
78537,-333.333333333333,4,1,1,45,0,0
78639,-50,4,1,1,45,0,0
78741,-142.857142857143,4,1,1,45,0,0
78843,-333.333333333333,4,1,1,45,0,0
78945,-50,4,1,1,45,0,0
79047,-142.857142857143,4,1,1,45,0,0
79149,-333.333333333333,4,1,1,45,0,0
79251,-50,4,1,1,45,0,0
79353,-142.857142857143,4,1,1,45,0,0
79455,-333.333333333333,4,1,1,45,0,0
79557,-52.6315789473684,4,1,1,45,0,0
79608,-1000,4,1,1,45,0,0
79659,-52.6315789473684,4,1,1,45,0,0
79710,-1000,4,1,1,45,0,0
79761,-52.6315789473684,4,1,1,45,0,0
79812,-1000,4,1,1,45,0,0
79863,-52.6315789473684,4,1,1,45,0,0
79914,-1000,4,1,1,45,0,0
79965,-100,4,1,1,45,0,0
80169,-95.2380952380952,4,1,1,45,0,0
80271,-83.3333333333333,4,1,1,45,0,0
80373,-100,4,1,1,45,0,1
90169,-50,4,1,1,45,0,1
90220,-149.253731343284,4,1,1,45,0,1
90373,-100,4,1,1,45,0,0
91394,-97.0873786407767,4,1,1,45,0,0
91496,-93.4579439252336,4,1,1,45,0,0
91598,-90.9090909090909,4,1,1,45,0,0
91700,-50,4,1,1,45,0,0
91802,-200,4,1,1,45,0,0
92006,-52.6315789473684,4,1,1,45,0,0
92057,-1000,4,1,1,45,0,0
92108,-52.6315789473684,4,1,1,45,0,0
92159,-1000,4,1,1,45,0,0
92210,-50,4,1,1,45,0,0
92261,-149.253731343284,4,1,1,45,0,0
92414,-52.6315789473684,4,1,1,45,0,0
92465,-1000,4,1,1,45,0,0
92516,-52.6315789473684,4,1,1,45,0,0
92567,-1000,4,1,1,45,0,0
92618,-50,4,1,1,45,0,0
92669,-149.253731343284,4,1,1,45,0,0
92822,-52.6315789473684,4,1,1,45,0,0
92873,-1000,4,1,1,45,0,0
92925,-52.6315789473684,4,1,1,45,0,0
92976,-1000,4,1,1,45,0,0
93027,-52.6315789473684,4,1,1,45,0,0
93078,-1000,4,1,1,45,0,0
93129,-52.6315789473684,4,1,1,45,0,0
93180,-1000,4,1,1,45,0,0
93231,-52.6315789473684,4,1,1,45,0,0
93282,-1000,4,1,1,45,0,0
93333,-52.6315789473684,4,1,1,45,0,0
93384,-1000,4,1,1,45,0,0
93435,-100,4,1,1,45,0,1
96292,-52.6315789473684,4,1,1,45,0,1
96317,-1000,4,1,1,45,0,1
96343,-52.6315789473684,4,1,1,45,0,1
96368,-1000,4,1,1,45,0,1
96394,-52.6315789473684,4,1,1,45,0,1
96419,-1000,4,1,1,45,0,1
96445,-52.6315789473684,4,1,1,45,0,1
96470,-1000,4,1,1,45,0,1
96496,-52.6315789473684,4,1,1,45,0,1
96521,-1000,4,1,1,45,0,1
96547,-52.6315789473684,4,1,1,45,0,1
96572,-1000,4,1,1,45,0,1
96598,-52.6315789473684,4,1,1,45,0,1
96623,-1000,4,1,1,45,0,1
96649,-52.6315789473684,4,1,1,45,0,1
96675,-1000,4,1,1,45,0,1
96700,-100,4,1,1,45,0,1
98333,-52.6315789473684,4,1,1,45,0,0
98384,-1000,4,1,1,45,0,0
98435,-52.6315789473684,4,1,1,45,0,0
98486,-1000,4,1,1,45,0,0
98537,-52.6315789473684,4,1,1,45,0,0
98588,-1000,4,1,1,45,0,0
98639,-52.6315789473684,4,1,1,45,0,0
98690,-1000,4,1,1,45,0,0
98741,-100,4,1,1,45,0,0
99557,-19.2307692307692,4,1,1,45,0,0
99583,-250,4,1,1,45,0,0
99761,-19.2307692307692,4,1,1,45,0,0
99787,-250,4,1,1,45,0,0
99965,-10,4,1,1,45,0,0
99991,-117.647058823529,4,1,1,45,0,0
100373,-100,4,1,1,45,0,1
101394,-52.6315789473684,4,1,1,45,0,1
101419,-1000,4,1,1,45,0,1
101445,-52.6315789473684,4,1,1,45,0,1
101470,-1000,4,1,1,45,0,1
101496,-52.6315789473684,4,1,1,45,0,1
101521,-1000,4,1,1,45,0,1
101547,-52.6315789473684,4,1,1,45,0,1
101572,-1000,4,1,1,45,0,1
101598,-55.5555555555556,4,1,1,45,0,1
101623,-1000,4,1,1,45,0,1
101649,-55.5555555555556,4,1,1,45,0,1
101675,-1000,4,1,1,45,0,1
101700,-55.5555555555556,4,1,1,45,0,1
101726,-1000,4,1,1,45,0,1
101751,-55.5555555555556,4,1,1,45,0,1
101777,-1000,4,1,1,45,0,1
101802,-100,4,1,1,45,0,1
102822,-52.6315789473684,4,1,1,45,0,1
102848,-1000,4,1,1,45,0,1
102873,-52.6315789473684,4,1,1,45,0,1
102899,-1000,4,1,1,45,0,1
102925,-52.6315789473684,4,1,1,45,0,1
102950,-1000,4,1,1,45,0,1
102976,-52.6315789473684,4,1,1,45,0,1
103001,-1000,4,1,1,45,0,1
103027,-52.6315789473684,4,1,1,45,0,1
103052,-1000,4,1,1,45,0,1
103078,-52.6315789473684,4,1,1,45,0,1
103103,-1000,4,1,1,45,0,1
103129,-52.6315789473684,4,1,1,45,0,1
103154,-1000,4,1,1,45,0,1
103180,-52.6315789473684,4,1,1,45,0,1
103205,-1000,4,1,1,45,0,1
103231,-100,4,1,1,45,0,1
105680,-52.6315789473684,4,1,1,45,0,0
105731,-1000,4,1,1,45,0,0
105782,-52.6315789473684,4,1,1,45,0,0
105833,-1000,4,1,1,45,0,0
105884,-52.6315789473684,4,1,1,45,0,0
105935,-1000,4,1,1,45,0,0
105986,-52.6315789473684,4,1,1,45,0,0
106037,-1000,4,1,1,45,0,0
106088,-52.6315789473684,4,1,1,45,0,0
106113,-1000,4,1,1,45,0,0
106139,-52.6315789473684,4,1,1,45,0,0
106164,-1000,4,1,1,45,0,0
106190,-52.6315789473684,4,1,1,45,0,0
106215,-1000,4,1,1,45,0,0
106241,-52.6315789473684,4,1,1,45,0,0
106266,-1000,4,1,1,45,0,0
106292,-52.6315789473684,4,1,1,45,0,0
106317,-1000,4,1,1,45,0,0
106343,-52.6315789473684,4,1,1,45,0,0
106368,-1000,4,1,1,45,0,0
106394,-52.6315789473684,4,1,1,45,0,0
106419,-1000,4,1,1,45,0,0
106445,-52.6315789473684,4,1,1,45,0,0
106470,-1000,4,1,1,45,0,0
106496,-100,4,1,1,45,0,1
106547,-100,4,1,1,45,0,0
109557,-111.111111111111,4,1,1,45,0,0
109710,-76.9230769230769,4,1,1,45,0,0
109761,-100,4,1,1,45,0,0
116088,-111.111111111111,4,1,1,45,0,0
116241,-76.9230769230769,4,1,1,45,0,0
116292,-90.9090909090909,4,1,1,45,0,0
116343,-111.111111111111,4,1,1,45,0,0
116394,-90.9090909090909,4,1,1,45,0,0
116445,-111.111111111111,4,1,1,45,0,0
116496,-83.3333333333333,4,1,1,45,0,0
116547,-125,4,1,1,45,0,0
116598,-83.3333333333333,4,1,1,45,0,0
116649,-125,4,1,1,45,0,0
116700,-76.9230769230769,4,1,1,45,0,0
116751,-142.857142857143,4,1,1,45,0,0
116802,-76.9230769230769,4,1,1,45,0,0
116853,-142.857142857143,4,1,1,45,0,0
116904,-71.4285714285714,4,1,1,45,0,0
116955,-166.666666666667,4,1,1,45,0,0
117006,-71.4285714285714,4,1,1,45,0,0
117057,-166.666666666667,4,1,1,45,0,0
117108,-66.6666666666667,4,1,1,45,0,0
117159,-200,4,1,1,45,0,0
117210,-66.6666666666667,4,1,1,45,0,0
117261,-200,4,1,1,45,0,0
117312,-62.5,4,1,1,45,0,0
117363,-250,4,1,1,45,0,0
117414,-62.5,4,1,1,45,0,0
117465,-250,4,1,1,45,0,0
117516,-58.8235294117647,4,1,1,45,0,0
117567,-333.333333333333,4,1,1,45,0,0
117618,-58.8235294117647,4,1,1,45,0,0
117669,-333.333333333333,4,1,1,45,0,0
117720,-55.5555555555556,4,1,1,45,0,0
117771,-500,4,1,1,45,0,0
117822,-55.5555555555556,4,1,1,45,0,0
117873,-500,4,1,1,45,0,0
117925,-52.6315789473684,4,1,1,45,0,0
117976,-1000,4,1,1,45,0,0
118027,-52.6315789473684,4,1,1,45,0,0
118078,-1000,4,1,1,45,0,0
118129,-50,4,1,1,45,0,0
118180,-1000,4,1,1,45,0,0
118231,-50,4,1,1,45,0,0
118282,-1000,4,1,1,45,0,0
118333,-48.780487804878,4,1,1,45,0,0
118384,-1000,4,1,1,45,0,0
118435,-48.780487804878,4,1,1,45,0,0
118486,-1000,4,1,1,45,0,0
118537,-47.6190476190476,4,1,1,45,0,0
118588,-1000,4,1,1,45,0,0
118639,-47.6190476190476,4,1,1,45,0,0
118690,-1000,4,1,1,45,0,0
118741,-46.5116279069767,4,1,1,45,0,0
118792,-1000,4,1,1,45,0,0
118843,-46.5116279069767,4,1,1,45,0,0
118894,-1000,4,1,1,45,0,0
118945,-45.4545454545455,4,1,1,45,0,0
118996,-1000,4,1,1,45,0,0
119047,-45.4545454545455,4,1,1,45,0,0
119098,-1000,4,1,1,45,0,0
119149,-44.4444444444445,4,1,1,45,0,0
119200,-1000,4,1,1,45,0,0
119251,-44.4444444444445,4,1,1,45,0,0
119302,-1000,4,1,1,45,0,0
119353,-43.4782608695652,4,1,1,45,0,0
119404,-1000,4,1,1,45,0,0
119455,-43.4782608695652,4,1,1,45,0,0
119506,-1000,4,1,1,45,0,0
119557,-100,4,1,1,45,0,0
122618,-125,4,1,1,45,0,0
122771,-62.5,4,1,1,45,0,0
122822,-100,4,1,1,45,0,0
130986,-50,4,1,1,45,0,0
131037,-166.666666666667,4,1,1,45,0,0
131164,-50,4,1,1,45,0,0
131215,-303.030303030303,4,1,1,45,0,0
131292,-50,4,1,1,45,0,0
131343,-125,4,1,1,45,0,0
131598,-100,4,1,1,45,0,0
131938,-95.2380952380952,4,1,1,45,0,0
132210,-90.9090909090909,4,1,1,45,0,0
132414,-86.9565217391304,4,1,1,45,0,0
132618,-76.9230769230769,4,1,1,45,0,1
132669,-111.111111111111,4,1,1,45,0,0
133027,-76.9230769230769,4,1,1,45,0,0
133078,-111.111111111111,4,1,1,45,0,0
133435,-76.9230769230769,4,1,1,45,0,0
133486,-111.111111111111,4,1,1,45,0,0
133843,-76.9230769230769,4,1,1,45,0,0
133894,-111.111111111111,4,1,1,45,0,0
134251,-76.9230769230769,4,1,1,45,0,0
134302,-111.111111111111,4,1,1,45,0,0
134659,-76.9230769230769,4,1,1,45,0,0
134710,-111.111111111111,4,1,1,45,0,0
135067,-76.9230769230769,4,1,1,45,0,0
135118,-111.111111111111,4,1,1,45,0,0
135476,-76.9230769230769,4,1,1,45,0,0
135527,-111.111111111111,4,1,1,45,0,0
135884,-76.9230769230769,4,1,1,45,0,0
135935,-111.111111111111,4,1,1,45,0,0
136292,-76.9230769230769,4,1,1,45,0,0
136343,-111.111111111111,4,1,1,45,0,0
136700,-76.9230769230769,4,1,1,45,0,0
136751,-111.111111111111,4,1,1,45,0,0
137108,-76.9230769230769,4,1,1,45,0,0
137159,-111.111111111111,4,1,1,45,0,0
137516,-76.9230769230769,4,1,1,45,0,0
137567,-111.111111111111,4,1,1,45,0,0
137720,-58.8235294117647,4,1,1,45,0,0
137746,-1000,4,1,1,45,0,0
137771,-58.8235294117647,4,1,1,45,0,0
137797,-1000,4,1,1,45,0,0
137822,-58.8235294117647,4,1,1,45,0,0
137848,-1000,4,1,1,45,0,0
137873,-58.8235294117647,4,1,1,45,0,0
137899,-1000,4,1,1,45,0,0
137925,-76.9230769230769,4,1,1,45,0,0
137976,-111.111111111111,4,1,1,45,0,0
138129,-58.8235294117647,4,1,1,45,0,0
138154,-1000,4,1,1,45,0,0
138180,-58.8235294117647,4,1,1,45,0,0
138205,-1000,4,1,1,45,0,0
138231,-58.8235294117647,4,1,1,45,0,0
138256,-1000,4,1,1,45,0,0
138282,-58.8235294117647,4,1,1,45,0,0
138307,-1000,4,1,1,45,0,0
138333,-76.9230769230769,4,1,1,45,0,0
138384,-111.111111111111,4,1,1,45,0,0
138741,-58.8235294117647,4,1,1,45,0,0
138775,-1000,4,1,1,45,0,0
138809,-58.8235294117647,4,1,1,45,0,0
138843,-1000,4,1,1,45,0,0
138877,-58.8235294117647,4,1,1,45,0,0
138911,-1000,4,1,1,45,0,0
138945,-58.8235294117647,4,1,1,45,0,0
138979,-1000,4,1,1,45,0,0
139013,-58.8235294117647,4,1,1,45,0,0
139047,-1000,4,1,1,45,0,0
139081,-58.8235294117647,4,1,1,45,0,0
139115,-111.111111111111,4,1,1,45,0,0
139149,-76.9230769230769,4,1,1,45,0,0
139200,-111.111111111111,4,1,1,45,0,0
139557,-76.9230769230769,4,1,1,45,0,0
139608,-111.111111111111,4,1,1,45,0,0
139965,-76.9230769230769,4,1,1,45,0,0
140016,-111.111111111111,4,1,1,45,0,0
140373,-76.9230769230769,4,1,1,45,0,0
140425,-111.111111111111,4,1,1,45,0,0
140782,-76.9230769230769,4,1,1,45,0,0
140833,-111.111111111111,4,1,1,45,0,0
141190,-76.9230769230769,4,1,1,45,0,0
141241,-111.111111111111,4,1,1,45,0,0
141598,-76.9230769230769,4,1,1,45,0,0
141649,-111.111111111111,4,1,1,45,0,0
142006,-76.9230769230769,4,1,1,45,0,0
142057,-111.111111111111,4,1,1,45,0,0
142414,-76.9230769230769,4,1,1,45,0,0
142465,-111.111111111111,4,1,1,45,0,0
142822,-76.9230769230769,4,1,1,45,0,0
142873,-111.111111111111,4,1,1,45,0,0
143231,-76.9230769230769,4,1,1,45,0,0
143282,-111.111111111111,4,1,1,45,0,0
143435,-76.9230769230769,4,1,1,45,0,0
143486,-142.857142857143,4,1,1,45,0,0
143537,-71.4285714285714,4,1,1,45,0,0
143588,-166.666666666667,4,1,1,45,0,0
143639,-64.5161290322581,4,1,1,45,0,0
143690,-200,4,1,1,45,0,0
143741,-58.8235294117647,4,1,1,45,0,0
143792,-250,4,1,1,45,0,0
143843,-54.054054054054,4,1,1,45,0,0
143894,-333.333333333333,4,1,1,45,0,0
143945,-50,4,1,1,45,0,0
143996,-500,4,1,1,45,0,0
144047,-46.5116279069767,4,1,1,45,0,0
144098,-1000,4,1,1,45,0,0
144149,-52.6315789473684,4,1,1,45,0,0
144200,-1000,4,1,1,45,0,0
144251,-52.6315789473684,4,1,1,45,0,0
144302,-121.951219512195,4,1,1,45,0,0
144557,-52.6315789473684,4,1,1,45,0,0
144608,-121.951219512195,4,1,1,45,0,0
144863,-52.6315789473684,4,1,1,45,0,0
144914,-121.951219512195,4,1,1,45,0,0
145169,-52.6315789473684,4,1,1,45,0,0
145220,-1000,4,1,1,45,0,0
145271,-52.6315789473684,4,1,1,45,0,0
145322,-1000,4,1,1,45,0,0
145373,-52.6315789473684,4,1,1,45,0,0
145425,-1000,4,1,1,45,0,0
145476,-52.6315789473684,4,1,1,45,0,0
145527,-1000,4,1,1,45,0,0
145578,-52.6315789473684,4,1,1,45,0,0
145629,-1000,4,1,1,45,0,0
145680,-71.4285714285714,4,1,1,45,0,1
145731,-100,4,1,1,45,0,0
146088,-71.4285714285714,4,1,1,45,0,0
146139,-100,4,1,1,45,0,0
146496,-71.4285714285714,4,1,1,45,0,0
146547,-100,4,1,1,45,0,0
146904,-71.4285714285714,4,1,1,45,0,0
146955,-100,4,1,1,45,0,0
147312,-71.4285714285714,4,1,1,45,0,0
147363,-100,4,1,1,45,0,0
147720,-71.4285714285714,4,1,1,45,0,0
147771,-100,4,1,1,45,0,0
148129,-71.4285714285714,4,1,1,45,0,0
148180,-100,4,1,1,45,0,0
148537,-71.4285714285714,4,1,1,45,0,0
148588,-100,4,1,1,45,0,0
149047,-52.6315789473684,4,1,1,45,0,0
149072,-1000,4,1,1,45,0,0
149098,-52.6315789473684,4,1,1,45,0,0
149123,-1000,4,1,1,45,0,0
149149,-52.6315789473684,4,1,1,45,0,0
149175,-1000,4,1,1,45,0,0
149200,-52.6315789473684,4,1,1,45,0,0
149226,-1000,4,1,1,45,0,0
149251,-52.6315789473684,4,1,1,45,0,0
149302,-1000,4,1,1,45,0,0
149353,-76.9230769230769,4,1,1,45,0,0
149404,-100,4,1,1,45,0,0
149761,-76.9230769230769,4,1,1,45,0,0
149812,-100,4,1,1,45,0,0
150169,-76.9230769230769,4,1,1,45,0,0
150220,-100,4,1,1,45,0,0
150578,-52.6315789473684,4,1,1,45,0,0
150612,-1000,4,1,1,45,0,0
150646,-52.6315789473684,4,1,1,45,0,0
150680,-1000,4,1,1,45,0,0
150714,-52.6315789473684,4,1,1,45,0,0
150748,-1000,4,1,1,45,0,0
150782,-52.6315789473684,4,1,1,45,0,0
150816,-1000,4,1,1,45,0,0
150850,-52.6315789473684,4,1,1,45,0,0
150884,-1000,4,1,1,45,0,0
150918,-52.6315789473684,4,1,1,45,0,0
150952,-1000,4,1,1,45,0,0
150986,-52.6315789473684,4,1,1,45,0,0
151011,-1000,4,1,1,45,0,0
151037,-52.6315789473684,4,1,1,45,0,0
151062,-1000,4,1,1,45,0,0
151088,-52.6315789473684,4,1,1,45,0,0
151113,-1000,4,1,1,45,0,0
151139,-52.6315789473684,4,1,1,45,0,0
151164,-1000,4,1,1,45,0,0
151190,-52.6315789473684,4,1,1,45,0,0
151215,-1000,4,1,1,45,0,0
151241,-52.6315789473684,4,1,1,45,0,0
151266,-1000,4,1,1,45,0,0
151292,-52.6315789473684,4,1,1,45,0,0
151317,-1000,4,1,1,45,0,0
151343,-52.6315789473684,4,1,1,45,0,0
151368,-1000,4,1,1,45,0,0
151394,-52.6315789473684,4,1,1,45,0,0
151428,-1000,4,1,1,45,0,0
151462,-52.6315789473684,4,1,1,45,0,0
151496,-1000,4,1,1,45,0,0
151530,-52.6315789473684,4,1,1,45,0,0
151564,-1000,4,1,1,45,0,0
151598,-52.6315789473684,4,1,1,45,0,0
151623,-1000,4,1,1,45,0,0
151649,-52.6315789473684,4,1,1,45,0,0
151675,-1000,4,1,1,45,0,0
151700,-52.6315789473684,4,1,1,45,0,0
151751,-1000,4,1,1,45,0,0
151802,-50,4,1,1,45,0,0
151853,-149.253731343284,4,1,1,45,0,0
152006,-50,4,1,1,45,0,0
152057,-149.253731343284,4,1,1,45,0,0
152210,-100,4,1,1,45,0,1
152261,-100,4,1,1,45,0,0
157108,-100,4,1,1,45,0,0
157346,-50,4,1,1,45,0,0
157380,-166.666666666667,4,1,1,45,0,0
157465,-33.3333333333333,4,1,1,45,0,0
157491,-166.666666666667,4,1,1,45,0,0
157618,-33.3333333333333,4,1,1,45,0,0
157644,-166.666666666667,4,1,1,45,0,0
157771,-33.3333333333333,4,1,1,45,0,0
157797,-166.666666666667,4,1,1,45,0,0
157925,-31.25,4,1,1,45,0,0
157950,-166.666666666667,4,1,1,45,0,0
158129,-31.25,4,1,1,45,0,0
158154,-166.666666666667,4,1,1,45,0,0
158333,-31.25,4,1,1,45,0,0
158358,-166.666666666667,4,1,1,45,0,0
158537,-31.25,4,1,1,45,0,0
158562,-166.666666666667,4,1,1,45,0,0
158741,-71.4285714285714,4,1,1,45,0,1
158792,-100,4,1,1,45,0,1
159557,-71.4285714285714,4,1,1,45,0,1
159608,-100,4,1,1,45,0,1
160373,-71.4285714285714,4,1,1,45,0,1
160425,-100,4,1,1,45,0,1
161190,-71.4285714285714,4,1,1,45,0,1
161241,-100,4,1,1,45,0,1
162006,-71.4285714285714,4,1,1,45,0,1
162057,-100,4,1,1,45,0,1
162822,-71.4285714285714,4,1,1,45,0,1
162873,-100,4,1,1,45,0,1
165271,-71.4285714285714,4,1,1,45,0,1
165322,-100,4,1,1,45,0,1
166088,-71.4285714285714,4,1,1,45,0,1
166139,-100,4,1,1,45,0,1
166904,-71.4285714285714,4,1,1,45,0,1
166955,-100,4,1,1,45,0,1
167720,-71.4285714285714,4,1,1,45,0,1
167771,-100,4,1,1,45,0,1
168537,-100,4,1,1,45,0,0
169353,-66.6666666666667,4,1,1,45,0,0
169379,-1000,4,1,1,45,0,0
169404,-66.6666666666667,4,1,1,45,0,0
169430,-1000,4,1,1,45,0,0
169455,-66.6666666666667,4,1,1,45,0,0
169481,-1000,4,1,1,45,0,0
169506,-66.6666666666667,4,1,1,45,0,0
169532,-1000,4,1,1,45,0,0
169557,-71.4285714285714,4,1,1,45,0,0
169659,-66.6666666666667,4,1,1,45,0,0
169685,-1000,4,1,1,45,0,0
169710,-66.6666666666667,4,1,1,45,0,0
169736,-1000,4,1,1,45,0,0
169761,-66.6666666666667,4,1,1,45,0,0
169787,-1000,4,1,1,45,0,0
169812,-66.6666666666667,4,1,1,45,0,0
169838,-1000,4,1,1,45,0,0
169863,-71.4285714285714,4,1,1,45,0,0
169965,-66.6666666666667,4,1,1,45,0,0
169991,-1000,4,1,1,45,0,0
170016,-66.6666666666667,4,1,1,45,0,0
170042,-1000,4,1,1,45,0,0
170067,-66.6666666666667,4,1,1,45,0,0
170093,-1000,4,1,1,45,0,0
170118,-66.6666666666667,4,1,1,45,0,0
170144,-1000,4,1,1,45,0,0
170169,-100,4,1,1,45,0,0
171394,-52.6315789473684,4,1,1,45,0,0
171419,-1000,4,1,1,45,0,0
171445,-52.6315789473684,4,1,1,45,0,0
171470,-1000,4,1,1,45,0,0
171496,-52.6315789473684,4,1,1,45,0,0
171521,-1000,4,1,1,45,0,0
171547,-52.6315789473684,4,1,1,45,0,0
171572,-1000,4,1,1,45,0,0
171598,-52.6315789473684,4,1,1,45,0,0
171623,-1000,4,1,1,45,0,0
171649,-52.6315789473684,4,1,1,45,0,0
171675,-1000,4,1,1,45,0,0
171700,-52.6315789473684,4,1,1,45,0,0
171726,-1000,4,1,1,45,0,0
171751,-52.6315789473684,4,1,1,45,0,0
171777,-1000,4,1,1,45,0,0
171802,-100,4,1,1,45,0,1
177516,-52.6315789473684,4,1,1,45,0,0
177542,-1000,4,1,1,45,0,0
177567,-52.6315789473684,4,1,1,45,0,0
177593,-1000,4,1,1,45,0,0
177618,-52.6315789473684,4,1,1,45,0,0
177669,-1000,4,1,1,45,0,0
177720,-52.6315789473684,4,1,1,45,0,0
177771,-1000,4,1,1,45,0,0
177822,-52.6315789473684,4,1,1,45,0,0
177873,-1000,4,1,1,45,0,0
177925,-200,4,1,1,45,0,0
178129,-100,4,1,1,45,0,0
178231,-50,4,1,1,45,0,0
178333,-100,4,1,1,45,0,0
178741,-100,4,1,1,45,0,1
183231,-125,4,1,1,45,0,0
183435,-71.4285714285714,4,1,1,45,0,0
183537,-125,4,1,1,45,0,0
183741,-71.4285714285714,4,1,1,45,0,0
183843,-125,4,1,1,45,0,0
184047,-71.4285714285714,4,1,1,45,0,0
184149,-125,4,1,1,45,0,0
184353,-71.4285714285714,4,1,1,45,0,0
184455,-200,4,1,1,45,0,0
184557,-66.6666666666667,4,1,1,45,0,0
184659,-200,4,1,1,45,0,0
184761,-66.6666666666667,4,1,1,45,0,0
184863,-100,4,1,1,45,0,1
187720,-52.6315789473684,4,1,1,45,0,0
187746,-1000,4,1,1,45,0,0
187771,-52.6315789473684,4,1,1,45,0,0
187797,-1000,4,1,1,45,0,0
187822,-52.6315789473684,4,1,1,45,0,0
187848,-1000,4,1,1,45,0,0
187873,-52.6315789473684,4,1,1,45,0,0
187899,-1000,4,1,1,45,0,0
187925,-52.6315789473684,4,1,1,45,0,0
187950,-1000,4,1,1,45,0,0
187976,-52.6315789473684,4,1,1,45,0,0
188001,-1000,4,1,1,45,0,0
188027,-52.6315789473684,4,1,1,45,0,0
188052,-1000,4,1,1,45,0,0
188078,-52.6315789473684,4,1,1,45,0,0
188103,-1000,4,1,1,45,0,0
188129,-100,4,1,1,45,0,1
190476,-111.111111111111,4,1,1,45,0,0
190680,-52.6315789473684,4,1,1,45,0,0
190731,-1000,4,1,1,45,0,0
190782,-40,4,1,1,45,0,0
190833,-200,4,1,1,45,0,0
190986,-22.2222222222222,4,1,1,45,0,0
191037,-200,4,1,1,45,0,0
191394,-100,4,1,1,45,0,1
194659,-100,4,1,1,45,0,0
194761,-52.6315789473684,4,1,1,45,0,0
194787,-1000,4,1,1,45,0,0
194812,-52.6315789473684,4,1,1,45,0,0
194838,-1000,4,1,1,45,0,0
194863,-52.6315789473684,4,1,1,45,0,0
194889,-1000,4,1,1,45,0,0
194914,-52.6315789473684,4,1,1,45,0,0
194940,-1000,4,1,1,45,0,0
194965,-52.6315789473684,4,1,1,45,0,0
194991,-1000,4,1,1,45,0,0
195016,-52.6315789473684,4,1,1,45,0,0
195042,-1000,4,1,1,45,0,0
195067,-52.6315789473684,4,1,1,45,0,0
195093,-1000,4,1,1,45,0,0
195118,-52.6315789473684,4,1,1,45,0,0
195144,-1000,4,1,1,45,0,0
195169,-52.6315789473684,4,1,1,45,0,0
195195,-1000,4,1,1,45,0,0
195220,-52.6315789473684,4,1,1,45,0,0
195246,-1000,4,1,1,45,0,0
195271,-52.6315789473684,4,1,1,45,0,0
195297,-1000,4,1,1,45,0,0
195322,-52.6315789473684,4,1,1,45,0,0
195348,-1000,4,1,1,45,0,0
195373,-52.6315789473684,4,1,1,45,0,0
195399,-1000,4,1,1,45,0,0
195425,-52.6315789473684,4,1,1,45,0,0
195450,-1000,4,1,1,45,0,0
195476,-100,4,1,1,45,0,0
195578,-50,4,1,1,45,0,0
195603,-149.253731343284,4,1,1,45,0,0
195680,-100,4,1,1,45,0,0
195884,-52.6315789473684,4,1,1,45,0,0
195909,-1000,4,1,1,45,0,0
195935,-52.6315789473684,4,1,1,45,0,0
195960,-1000,4,1,1,45,0,0
195986,-52.6315789473684,4,1,1,45,0,0
196011,-1000,4,1,1,45,0,0
196037,-52.6315789473684,4,1,1,45,0,0
196062,-1000,4,1,1,45,0,0
196088,-52.6315789473684,4,1,1,45,0,0
196113,-1000,4,1,1,45,0,0
196139,-52.6315789473684,4,1,1,45,0,0
196164,-1000,4,1,1,45,0,0
196190,-52.6315789473684,4,1,1,45,0,0
196215,-1000,4,1,1,45,0,0
196241,-52.6315789473684,4,1,1,45,0,0
196266,-1000,4,1,1,45,0,0
196292,-100,4,1,1,45,0,0
196343,-10,4,1,1,45,0,0
197108,-71.4285714285714,4,1,1,45,0,0
197159,-1000,4,1,1,45,0,0
197210,-71.4285714285714,4,1,1,45,0,0
197261,-1000,4,1,1,45,0,0
197312,-71.4285714285714,4,1,1,45,0,0
197363,-1000,4,1,1,45,0,0
197414,-71.4285714285714,4,1,1,45,0,0
197465,-1000,4,1,1,45,0,0
197516,-71.4285714285714,4,1,1,45,0,0
197567,-1000,4,1,1,45,0,0
197618,-71.4285714285714,4,1,1,45,0,0
197669,-1000,4,1,1,45,0,0
197720,-71.4285714285714,4,1,1,45,0,0
197771,-1000,4,1,1,45,0,0
197822,-71.4285714285714,4,1,1,45,0,0
197873,-1000,4,1,1,45,0,0
197925,-10,4,1,1,45,0,1
197950,-125,4,1,1,30,0,0
209353,-111.111111111111,4,1,1,35,0,0
223435,-125,4,1,1,45,0,0
224047,-250,4,1,1,45,0,0
225680,-200,4,1,1,45,0,0
227312,-181.818181818182,4,1,1,45,0,0
228945,-166.666666666667,4,1,1,45,0,0
229047,-153.846153846154,4,1,1,45,0,0
229149,-142.857142857143,4,1,1,45,0,0
229251,-133.333333333333,4,1,1,45,0,0
229353,-125,4,1,1,45,0,0
229455,-117.647058823529,4,1,1,45,0,0
229557,-111.111111111111,4,1,1,45,0,0
229659,-105.263157894737,4,1,1,45,0,0
229761,-100,4,1,1,45,0,0
229863,-95.2380952380952,4,1,1,45,0,0
229965,-90.9090909090909,4,1,1,45,0,0
230067,-83.3333333333333,4,1,1,45,0,0
230169,-55.5555555555556,4,1,1,45,0,0
230220,-142.857142857143,4,1,1,45,0,0
230527,-50,4,1,1,45,0,0
230578,-100,4,1,1,45,0,1
230629,-100,4,1,1,45,0,0
242618,-76.9230769230769,4,1,1,45,0,0
242669,-142.857142857143,4,1,1,45,0,0
242720,-52.6315789473684,4,1,1,45,0,0
242771,-142.857142857143,4,1,1,45,0,0
242925,-76.9230769230769,4,1,1,45,0,0
242976,-142.857142857143,4,1,1,45,0,0
243027,-76.9230769230769,4,1,1,45,0,0
243078,-142.857142857143,4,1,1,45,0,0
243129,-76.9230769230769,4,1,1,45,0,0
243180,-142.857142857143,4,1,1,45,0,0
243231,-76.9230769230769,4,1,1,45,0,0
243282,-142.857142857143,4,1,1,45,0,0
243333,-76.9230769230769,4,1,1,45,0,0
243384,-142.857142857143,4,1,1,45,0,0
243435,-76.9230769230769,4,1,1,45,0,0
243486,-142.857142857143,4,1,1,45,0,0
243537,-76.9230769230769,4,1,1,45,0,0
243588,-142.857142857143,4,1,1,45,0,0
243639,-100,4,1,1,45,0,0
254557,-66.6666666666667,4,1,1,45,0,0
254608,-200,4,1,1,45,0,0
254659,-66.6666666666667,4,1,1,45,0,0
254710,-200,4,1,1,45,0,0
254761,-66.6666666666667,4,1,1,45,0,0
254812,-200,4,1,1,45,0,0
254863,-66.6666666666667,4,1,1,45,0,0
254914,-200,4,1,1,45,0,0
254965,-66.6666666666667,4,1,1,45,0,0
255016,-200,4,1,1,45,0,0
255067,-10,4,1,1,45,0,0
255093,-400,4,1,1,45,0,0
256700,-166.666666666667,4,1,1,45,0,0
257312,-142.857142857143,4,1,1,45,0,0
258945,-125,4,1,1,45,0,0
260578,-111.111111111111,4,1,1,45,0,0
261394,-149.253731343284,4,1,1,45,0,0
261547,-50,4,1,1,45,0,0
261598,-149.253731343284,4,1,1,45,0,0
261853,-37.7358490566038,4,1,1,45,0,0
261904,-149.253731343284,4,1,1,45,0,0
262159,-37.7358490566038,4,1,1,45,0,0
262210,-149.253731343284,4,1,1,45,0,0
262465,-37.7358490566038,4,1,1,45,0,0
262516,-149.253731343284,4,1,1,45,0,0
262771,-37.7358490566038,4,1,1,45,0,0
262822,-100,4,1,1,45,0,0
263231,-125,4,1,1,45,0,0
263843,-117.647058823529,4,1,1,45,0,0
265476,-111.111111111111,4,1,1,45,0,0
266496,-105.263157894737,4,1,1,45,0,0
267108,-100,4,1,1,45,0,0
268129,-58.8235294117647,4,1,1,45,0,0
268180,-333.333333333333,4,1,1,45,0,0
268231,-58.8235294117647,4,1,1,45,0,0
268282,-333.333333333333,4,1,1,45,0,0
268333,-58.8235294117647,4,1,1,45,0,0
268384,-333.333333333333,4,1,1,45,0,0
268435,-58.8235294117647,4,1,1,45,0,0
268486,-333.333333333333,4,1,1,45,0,0
268537,-58.8235294117647,4,1,1,45,0,0
268588,-333.333333333333,4,1,1,45,0,0
268639,-58.8235294117647,4,1,1,45,0,0
268690,-333.333333333333,4,1,1,45,0,0
268741,-58.8235294117647,4,1,1,45,0,0
268792,-333.333333333333,4,1,1,45,0,0
268843,-58.8235294117647,4,1,1,45,0,0
268894,-333.333333333333,4,1,1,45,0,0
268945,-100,4,1,1,45,0,0
269761,-100,4,1,1,45,0,1
269812,-100,4,1,1,45,0,0
272618,-111.111111111111,4,1,1,45,0,0
272822,-125,4,1,1,45,0,0
273027,-100,4,1,1,45,0,0
275476,-76.9230769230769,4,1,1,45,0,0
275544,-142.857142857143,4,1,1,45,0,0
275612,-76.9230769230769,4,1,1,45,0,0
275680,-142.857142857143,4,1,1,45,0,0
275748,-76.9230769230769,4,1,1,45,0,0
275816,-142.857142857143,4,1,1,45,0,0
275884,-76.9230769230769,4,1,1,45,0,0
275952,-142.857142857143,4,1,1,45,0,0
276020,-76.9230769230769,4,1,1,45,0,0
276088,-142.857142857143,4,1,1,45,0,0
276156,-76.9230769230769,4,1,1,45,0,0
276224,-142.857142857143,4,1,1,45,0,0
276292,-100,4,1,1,45,0,0
279353,-125,4,1,1,45,0,0
279506,-62.5,4,1,1,45,0,0
279557,-100,4,1,1,45,0,0
282006,-76.9230769230769,4,1,1,45,0,0
282057,-142.857142857143,4,1,1,45,0,0
282108,-76.9230769230769,4,1,1,45,0,0
282159,-142.857142857143,4,1,1,45,0,0
282210,-76.9230769230769,4,1,1,45,0,0
282261,-142.857142857143,4,1,1,45,0,0
282312,-76.9230769230769,4,1,1,45,0,0
282363,-142.857142857143,4,1,1,45,0,0
282414,-76.9230769230769,4,1,1,45,0,0
282465,-142.857142857143,4,1,1,45,0,0
282516,-76.9230769230769,4,1,1,45,0,0
282567,-142.857142857143,4,1,1,45,0,0
282618,-76.9230769230769,4,1,1,45,0,0
282669,-142.857142857143,4,1,1,45,0,0
282720,-76.9230769230769,4,1,1,45,0,0
282771,-142.857142857143,4,1,1,45,0,0
282822,-100,4,1,1,45,0,0
289353,-98.0392156862745,4,1,1,45,0,0
289761,-96.1538461538461,4,1,1,45,0,0
290169,-94.3396226415094,4,1,1,45,0,0
290578,-92.5925925925926,4,1,1,45,0,0
290986,-90.9090909090909,4,1,1,45,0,0
291394,-89.2857142857143,4,1,1,45,0,0
291802,-87.719298245614,4,1,1,45,0,0
292210,-86.2068965517241,4,1,1,45,0,0
292618,-84.7457627118644,4,1,1,45,0,0
293027,-83.3333333333333,4,1,1,45,0,0
293435,-81.9672131147541,4,1,1,45,0,0
293843,-80,4,1,1,45,0,0
294251,-52.6315789473684,4,1,1,45,0,1
294302,-142.857142857143,4,1,1,45,0,0
294455,-76.9230769230769,4,1,1,45,0,0
294506,-142.857142857143,4,1,1,45,0,0
294557,-76.9230769230769,4,1,1,45,0,0
294608,-142.857142857143,4,1,1,45,0,0
294659,-52.6315789473684,4,1,1,45,0,0
294710,-142.857142857143,4,1,1,45,0,0
294863,-76.9230769230769,4,1,1,45,0,0
294914,-142.857142857143,4,1,1,45,0,0
294965,-76.9230769230769,4,1,1,45,0,0
295016,-142.857142857143,4,1,1,45,0,0
295067,-52.6315789473684,4,1,1,45,0,0
295169,-142.857142857143,4,1,1,45,0,0
295476,-52.6315789473684,4,1,1,45,0,0
295501,-1000,4,1,1,45,0,0
295527,-52.6315789473684,4,1,1,45,0,0
295552,-1000,4,1,1,45,0,0
295578,-52.6315789473684,4,1,1,45,0,0
295603,-1000,4,1,1,45,0,0
295629,-52.6315789473684,4,1,1,45,0,0
295654,-1000,4,1,1,45,0,0
295680,-52.6315789473684,4,1,1,45,0,0
295705,-1000,4,1,1,45,0,0
295731,-52.6315789473684,4,1,1,45,0,0
295756,-1000,4,1,1,45,0,0
295782,-52.6315789473684,4,1,1,45,0,0
295807,-1000,4,1,1,45,0,0
295833,-52.6315789473684,4,1,1,45,0,0
295858,-1000,4,1,1,45,0,0
295884,-100,4,1,1,45,0,1
302006,-100,4,1,1,45,0,0
302210,-50,4,1,1,45,0,0
302261,-149.253731343284,4,1,1,45,0,0
302414,-50,4,1,1,45,0,1
302465,-149.253731343284,4,1,1,45,0,1
302618,-100,4,1,1,45,0,1
305271,-50,4,1,1,45,0,0
305322,-149.253731343284,4,1,1,45,0,0
305476,-52.6315789473684,4,1,1,45,0,0
305527,-1000,4,1,1,45,0,0
305578,-52.6315789473684,4,1,1,45,0,0
305629,-1000,4,1,1,45,0,0
305680,-50,4,1,1,45,0,1
305731,-149.253731343284,4,1,1,45,0,1
305884,-100,4,1,1,45,0,1
305986,-50,4,1,1,45,0,1
306037,-149.253731343284,4,1,1,45,0,1
306190,-100,4,1,1,45,0,1
307108,-50,4,1,1,45,0,1
307159,-149.253731343284,4,1,1,45,0,1
307312,-100,4,1,1,45,0,0
308537,-149.253731343284,4,1,1,45,0,0
308690,-50,4,1,1,45,0,0
308741,-149.253731343284,4,1,1,45,0,0
308894,-50,4,1,1,45,0,0
308945,-100,4,1,1,45,0,1
314455,-52.6315789473684,4,1,1,45,0,0
314481,-1000,4,1,1,45,0,0
314506,-100,4,1,1,45,0,0
314557,-52.6315789473684,4,1,1,45,0,0
314583,-1000,4,1,1,45,0,0
314608,-100,4,1,1,45,0,0
314659,-52.6315789473684,4,1,1,45,0,0
314685,-1000,4,1,1,45,0,0
314710,-100,4,1,1,45,0,0
314761,-52.6315789473684,4,1,1,45,0,0
314787,-1000,4,1,1,45,0,0
314812,-100,4,1,1,45,0,0
314863,-52.6315789473684,4,1,1,45,0,0
314889,-1000,4,1,1,45,0,0
314914,-100,4,1,1,45,0,0
314965,-52.6315789473684,4,1,1,45,0,0
314991,-1000,4,1,1,45,0,0
315016,-100,4,1,1,45,0,0
315067,-52.6315789473684,4,1,1,45,0,0
315093,-1000,4,1,1,45,0,0
315118,-100,4,1,1,45,0,0
315169,-52.6315789473684,4,1,1,45,0,0
315195,-1000,4,1,1,45,0,0
315220,-100,4,1,1,45,0,0
315271,-52.6315789473684,4,1,1,45,0,0
315297,-1000,4,1,1,45,0,0
315322,-100,4,1,1,45,0,0
315373,-52.6315789473684,4,1,1,45,0,0
315399,-1000,4,1,1,45,0,0
315425,-100,4,1,1,45,0,0
315476,-52.6315789473684,4,1,1,45,0,1
315527,-1000,4,1,1,45,0,1
315578,-52.6315789473684,4,1,1,45,0,1
315629,-1000,4,1,1,45,0,1
315680,-52.6315789473684,4,1,1,45,0,1
315731,-1000,4,1,1,45,0,1
315782,-52.6315789473684,4,1,1,45,0,1
315833,-1000,4,1,1,45,0,1
315884,-52.6315789473684,4,1,1,45,0,1
315935,-1000,4,1,1,45,0,1
315986,-52.6315789473684,4,1,1,45,0,1
316037,-1000,4,1,1,45,0,1
316088,-52.6315789473684,4,1,1,45,0,1
316139,-1000,4,1,1,45,0,1
316190,-52.6315789473684,4,1,1,45,0,1
316241,-1000,4,1,1,45,0,1
316292,-52.6315789473684,4,1,1,45,0,1
316343,-1000,4,1,1,45,0,1
316394,-52.6315789473684,4,1,1,45,0,1
316445,-1000,4,1,1,45,0,1
316496,-52.6315789473684,4,1,1,45,0,1
316547,-1000,4,1,1,45,0,1
316598,-52.6315789473684,4,1,1,45,0,1
316649,-1000,4,1,1,45,0,1
316700,-52.6315789473684,4,1,1,45,0,1
316751,-1000,4,1,1,45,0,1
316802,-52.6315789473684,4,1,1,45,0,1
316853,-1000,4,1,1,45,0,1
316904,-52.6315789473684,4,1,1,45,0,1
316955,-1000,4,1,1,45,0,1
317006,-52.6315789473684,4,1,1,45,0,1
317057,-1000,4,1,1,45,0,1
317108,-52.6315789473684,4,1,1,45,0,1
317159,-1000,4,1,1,45,0,1
317210,-52.6315789473684,4,1,1,45,0,1
317261,-1000,4,1,1,45,0,1
317312,-52.6315789473684,4,1,1,45,0,1
317363,-1000,4,1,1,45,0,1
317414,-52.6315789473684,4,1,1,45,0,1
317465,-1000,4,1,1,45,0,1
317516,-52.6315789473684,4,1,1,45,0,1
317567,-1000,4,1,1,45,0,1
317618,-52.6315789473684,4,1,1,45,0,1
317669,-1000,4,1,1,45,0,1
317720,-52.6315789473684,4,1,1,45,0,1
317771,-1000,4,1,1,45,0,1
317822,-52.6315789473684,4,1,1,45,0,1
317873,-1000,4,1,1,45,0,1
317925,-52.6315789473684,4,1,1,45,0,1
317976,-1000,4,1,1,45,0,1
318027,-52.6315789473684,4,1,1,45,0,1
318078,-1000,4,1,1,45,0,1
318129,-52.6315789473684,4,1,1,45,0,1
318180,-1000,4,1,1,45,0,1
318231,-52.6315789473684,4,1,1,45,0,1
318282,-1000,4,1,1,45,0,1
318333,-52.6315789473684,4,1,1,45,0,1
318384,-1000,4,1,1,45,0,1
318435,-52.6315789473684,4,1,1,45,0,1
318486,-1000,4,1,1,45,0,1
318537,-52.6315789473684,4,1,1,45,0,1
318588,-1000,4,1,1,45,0,1
318639,-52.6315789473684,4,1,1,45,0,1
318690,-1000,4,1,1,45,0,1
318741,-52.6315789473684,4,1,1,45,0,1
318766,-1000,4,1,1,45,0,1
318792,-52.6315789473684,4,1,1,45,0,1
318817,-1000,4,1,1,45,0,1
318843,-52.6315789473684,4,1,1,45,0,1
318868,-1000,4,1,1,45,0,1
318894,-52.6315789473684,4,1,1,45,0,1
318919,-1000,4,1,1,45,0,1
318945,-52.6315789473684,4,1,1,45,0,1
318970,-1000,4,1,1,45,0,1
318996,-52.6315789473684,4,1,1,45,0,1
319021,-1000,4,1,1,45,0,1
319047,-52.6315789473684,4,1,1,45,0,1
319072,-1000,4,1,1,45,0,1
319098,-52.6315789473684,4,1,1,45,0,1
319123,-1000,4,1,1,45,0,1
319149,-52.6315789473684,4,1,1,45,0,1
319175,-1000,4,1,1,45,0,1
319200,-52.6315789473684,4,1,1,45,0,1
319226,-1000,4,1,1,45,0,1
319251,-52.6315789473684,4,1,1,45,0,1
319277,-1000,4,1,1,45,0,1
319302,-52.6315789473684,4,1,1,45,0,1
319328,-1000,4,1,1,45,0,1
319353,-52.6315789473684,4,1,1,45,0,1
319379,-1000,4,1,1,45,0,1
319404,-52.6315789473684,4,1,1,45,0,1
319430,-1000,4,1,1,45,0,1
319455,-52.6315789473684,4,1,1,45,0,1
319481,-1000,4,1,1,45,0,1
319506,-52.6315789473684,4,1,1,45,0,1
319532,-1000,4,1,1,45,0,1
319557,-52.6315789473684,4,1,1,45,0,1
319583,-1000,4,1,1,45,0,1
319608,-52.6315789473684,4,1,1,45,0,1
319634,-1000,4,1,1,45,0,1
319659,-52.6315789473684,4,1,1,45,0,1
319685,-1000,4,1,1,45,0,1
319710,-52.6315789473684,4,1,1,45,0,1
319736,-1000,4,1,1,45,0,1
319761,-52.6315789473684,4,1,1,45,0,1
319787,-1000,4,1,1,45,0,1
319812,-52.6315789473684,4,1,1,45,0,1
319838,-1000,4,1,1,45,0,1
319863,-52.6315789473684,4,1,1,45,0,1
319889,-1000,4,1,1,45,0,1
319914,-52.6315789473684,4,1,1,45,0,1
319940,-1000,4,1,1,45,0,1
319965,-52.6315789473684,4,1,1,45,0,1
319991,-1000,4,1,1,45,0,1
320016,-52.6315789473684,4,1,1,45,0,1
320042,-1000,4,1,1,45,0,1
320067,-52.6315789473684,4,1,1,45,0,1
320093,-1000,4,1,1,45,0,1
320118,-52.6315789473684,4,1,1,45,0,1
320144,-1000,4,1,1,45,0,1
320169,-52.6315789473684,4,1,1,45,0,1
320195,-1000,4,1,1,45,0,1
320220,-52.6315789473684,4,1,1,45,0,1
320246,-1000,4,1,1,45,0,1
320271,-52.6315789473684,4,1,1,45,0,1
320297,-1000,4,1,1,45,0,1
320322,-52.6315789473684,4,1,1,45,0,1
320348,-1000,4,1,1,45,0,1
320373,-100,4,1,1,45,0,0
322006,-100,4,1,1,45,0,1
327720,-50,4,1,1,45,0,0
327771,-149.253731343284,4,1,1,45,0,0
327925,-50,4,1,1,45,0,0
327976,-149.253731343284,4,1,1,45,0,0
328129,-100,4,1,1,45,0,0
328333,-149.253731343284,4,1,1,45,0,0
328486,-50,4,1,1,45,0,0
328537,-100,4,1,1,45,0,1
333435,-100,4,1,1,45,0,0
333843,-52.6315789473684,4,1,1,45,0,0
333868,-1000,4,1,1,45,0,0
333894,-52.6315789473684,4,1,1,45,0,0
333919,-1000,4,1,1,45,0,0
333945,-100,4,1,1,45,0,0
334047,-52.6315789473684,4,1,1,45,0,0
334072,-1000,4,1,1,45,0,0
334098,-52.6315789473684,4,1,1,45,0,0
334123,-1000,4,1,1,45,0,0
334149,-100,4,1,1,45,0,0
334761,-40,4,1,1,45,0,0
334812,-142.857142857143,4,1,1,45,0,0
335067,-50,4,1,1,45,0,0
335118,-149.253731343284,4,1,1,45,0,0
335271,-50,4,1,1,45,0,0
335322,-149.253731343284,4,1,1,45,0,0
335476,-100,4,1,1,45,0,0
335884,-50,4,1,1,45,0,0
335935,-149.253731343284,4,1,1,45,0,0
336088,-50,4,1,1,45,0,0
336139,-149.253731343284,4,1,1,45,0,0
336292,-100,4,1,1,45,0,0
336700,-50,4,1,1,45,0,0
336751,-149.253731343284,4,1,1,45,0,0
336904,-50,4,1,1,45,0,0
336955,-149.253731343284,4,1,1,45,0,0
337108,-100,4,1,1,45,0,0
337516,-50,4,1,1,45,0,0
337550,-149.253731343284,4,1,1,45,0,0
337652,-100,4,1,1,45,0,0
337720,-50,4,1,1,45,0,0
337754,-149.253731343284,4,1,1,45,0,0
337856,-100,4,1,1,45,0,0
337925,-52.6315789473684,4,1,1,45,0,0
337950,-1000,4,1,1,45,0,0
337976,-52.6315789473684,4,1,1,45,0,0
338001,-1000,4,1,1,45,0,0
338027,-52.6315789473684,4,1,1,45,0,0
338052,-1000,4,1,1,45,0,0
338078,-52.6315789473684,4,1,1,45,0,0
338103,-1000,4,1,1,45,0,0
338129,-52.6315789473684,4,1,1,45,0,0
338154,-1000,4,1,1,45,0,0
338180,-52.6315789473684,4,1,1,45,0,0
338205,-1000,4,1,1,45,0,0
338231,-52.6315789473684,4,1,1,45,0,0
338256,-1000,4,1,1,45,0,0
338282,-52.6315789473684,4,1,1,45,0,0
338307,-1000,4,1,1,45,0,0
338333,-100,4,1,1,45,0,1
342822,-50,4,1,1,45,0,1
342873,-149.253731343284,4,1,1,45,0,1
343027,-50,4,1,1,45,0,1
343078,-149.253731343284,4,1,1,45,0,1
343231,-100,4,1,1,45,0,1
344455,-52.6315789473684,4,1,1,45,0,1
344506,-1000,4,1,1,45,0,1
344557,-52.6315789473684,4,1,1,45,0,1
344608,-1000,4,1,1,45,0,1
344659,-52.6315789473684,4,1,1,45,0,1
344710,-1000,4,1,1,45,0,1
344761,-52.6315789473684,4,1,1,45,0,1
344812,-1000,4,1,1,45,0,1
344863,-100,4,1,1,45,0,1
345271,-95.2380952380952,4,1,1,45,0,1
345680,-90.9090909090909,4,1,1,45,0,1
346088,-86.9565217391304,4,1,1,45,0,1
346496,-50,4,1,1,45,0,0
346547,-125,4,1,1,45,0,0
346802,-50,4,1,1,45,0,0
346853,-125,4,1,1,45,0,0
347108,-52.6315789473684,4,1,1,45,0,0
347159,-1000,4,1,1,45,0,0
347210,-52.6315789473684,4,1,1,45,0,0
347261,-1000,4,1,1,45,0,0
347312,-52.6315789473684,4,1,1,45,0,0
347363,-1000,4,1,1,45,0,0
347414,-52.6315789473684,4,1,1,45,0,0
347465,-1000,4,1,1,45,0,0
347516,-52.6315789473684,4,1,1,45,0,0
347567,-1000,4,1,1,45,0,0
347618,-52.6315789473684,4,1,1,45,0,0
347669,-1000,4,1,1,45,0,0
347720,-52.6315789473684,4,1,1,45,0,0
347771,-1000,4,1,1,45,0,0
347822,-52.6315789473684,4,1,1,45,0,0
347873,-1000,4,1,1,45,0,0
347925,-52.6315789473684,4,1,1,45,0,0
347976,-1000,4,1,1,45,0,0
348027,-52.6315789473684,4,1,1,45,0,0
348078,-1000,4,1,1,45,0,0
348129,-50,4,1,1,45,0,0
348180,-149.253731343284,4,1,1,45,0,0
348333,-50,4,1,1,45,0,0
348384,-149.253731343284,4,1,1,45,0,0
348537,-50,4,1,1,45,0,1
348588,-149.253731343284,4,1,1,45,0,0
348741,-100,4,1,1,45,0,0
349557,-50,4,1,1,45,0,0
349608,-149.253731343284,4,1,1,45,0,0
349761,-100,4,1,1,45,0,0
351190,-52.6315789473684,4,1,1,45,0,0
351241,-1000,4,1,1,45,0,0
351292,-52.6315789473684,4,1,1,45,0,0
351343,-1000,4,1,1,45,0,0
351394,-100,4,1,1,45,0,0
351802,-50,4,1,1,45,0,0
351853,-149.253731343284,4,1,1,45,0,0
352006,-100,4,1,1,45,0,0
352822,-50,4,1,1,45,0,0
352873,-149.253731343284,4,1,1,45,0,0
353027,-100,4,1,1,45,0,0
354455,-149.253731343284,4,1,1,45,0,0
354608,-50,4,1,1,45,0,0
354659,-100,4,1,1,45,0,0
355067,-50,4,1,1,45,0,0
355118,-149.253731343284,4,1,1,45,0,0
355271,-100,4,1,1,45,0,0
356088,-50,4,1,1,45,0,0
356139,-149.253731343284,4,1,1,45,0,0
356292,-100,4,1,1,45,0,0
357720,-52.6315789473684,4,1,1,45,0,0
357771,-1000,4,1,1,45,0,0
357822,-52.6315789473684,4,1,1,45,0,0
357873,-1000,4,1,1,45,0,0
357925,-100,4,1,1,45,0,0
358333,-50,4,1,1,45,0,0
358384,-149.253731343284,4,1,1,45,0,0
358537,-100,4,1,1,45,0,0
359353,-50,4,1,1,45,0,0
359404,-149.253731343284,4,1,1,45,0,0
359557,-100,4,1,1,45,0,0
360782,-66.6666666666667,4,1,1,45,0,0
360833,-120.481927710843,4,1,1,45,0,0
360986,-50,4,1,1,45,0,0
361037,-149.253731343284,4,1,1,45,0,0
361190,-100,4,1,1,45,0,0
362618,-66.6666666666667,4,1,1,45,0,0
362669,-120.481927710843,4,1,1,45,0,0
362822,-100,4,1,1,45,0,0
364251,-52.6315789473684,4,1,1,45,0,0
364302,-1000,4,1,1,45,0,0
364353,-52.6315789473684,4,1,1,45,0,0
364404,-1000,4,1,1,45,0,0
364455,-100,4,1,1,45,0,0
365884,-66.6666666666667,4,1,1,45,0,0
365935,-120.481927710843,4,1,1,45,0,0
366088,-100,4,1,1,45,0,0
367516,-52.6315789473684,4,1,1,45,0,0
367542,-1000,4,1,1,45,0,0
367567,-52.6315789473684,4,1,1,45,0,0
367593,-1000,4,1,1,45,0,0
367618,-52.6315789473684,4,1,1,45,0,0
367644,-1000,4,1,1,45,0,0
367669,-52.6315789473684,4,1,1,45,0,0
367695,-1000,4,1,1,45,0,0
367720,-100,4,1,1,45,0,0
369149,-66.6666666666667,4,1,1,45,0,0
369200,-120.481927710843,4,1,1,45,0,0
369353,-100,4,1,1,45,0,0
370782,-52.6315789473684,4,1,1,45,0,0
370833,-1000,4,1,1,45,0,0
370884,-52.6315789473684,4,1,1,45,0,0
370935,-1000,4,1,1,45,0,0
370986,-100,4,1,1,45,0,0
372414,-66.6666666666667,4,1,1,45,0,0
372465,-120.481927710843,4,1,1,45,0,0
372618,-100,4,1,1,45,0,0
374047,-149.253731343284,4,1,1,45,0,0
374200,-50,4,1,1,45,0,0
374251,-105.263157894737,4,1,1,45,0,0
390578,-111.111111111111,4,1,1,45,0,0
393843,-117.647058823529,4,1,1,45,0,0
413027,-100,4,1,1,45,0,0
